err_1 = 0.000000
err_2 = 0.000000
err_3 = -0.004461
err_4 = -0.001403
err_5 = -0.001131
err_6 = -0.113451
w_13 = -3.044612
w_14 = 1.985973
w_15 = 3.988687
w_23 = 1.910777
w_24 = -3.028054
w_25 = 0.477373
w_36 = -0.629393
w_46 = 0.679594
w_56 = 0.373083
